#국어점수
korean <- c(85,78,57,64,78,51,73,93,63,79,50,85,62,92,58)
#영어점수
english <- c(84,87,60,71,75,66,78,86,74,91,63,82,71,88,60)

#(1) 귀무가설은 무엇인가? (2점)
#(2) 대립가설은 무엇인가? (2점)
#(3) 적절한 가설검정을 수행하시오. 유의확률은 얼마인가? (2점)
#(4) 유의수준 5%에서 가설검정의 결론은 무엇인가? (2점)